4407.8000
4450.4000
4465.6000
4458.4000
4461.0000
4501.7000
4497.4000
4489.9000
4478.5000
4468.0000
4479.9000
4467.1000
4472.3000
4473.9000
4491.1000
4461.4000
4485.9000
4481.2000
4436.6000
4467.3000
4509.6000
4496.2000
4471.1000
4504.3000
4482.5000
4467.9000
4494.2000
4481.0000
4473.6000
4491.1000
4465.5000
4494.6000
4492.7000
4484.9000
4475.2000
4466.9000
4478.9000
4480.1000
4485.9000
4468.9000
4479.2000
4498.5000
4465.4000
4476.9000
4477.2000
4506.8000
4501.1000
4469.6000
4486.5000
4476.4000
