5223
5286
5385
5316
5229
5316
5337
5253
5346
5295
5313
5274
5346
5379
5331
5367
5286
5325
5319
5340
5313
5307
5337
5298
5322
5340
5265
5340
5307
5334
5295
5337
5289
5307
5226
5286
5328
5307
5313
5406
5268
5295
5328
5238
5373
5319
5313
5268
5400
5343
5343
5346
5256
5286
5355
5346
5301
5316
5283
5346
5349
5301
5340
5394
5271
5292
5316
5334
5259
5274
5322
5325
5316
5400
5283
5268
5313
5310
5358
5361
5301
5325
5337
5280
5382
5247
5301
5349
5322
5235
5352
5256
5355
5340
5226
5352
5289
5259
5370
5265
